14.9231
15.2308
15.5385
15.8462
14.1538
14.4615
14.7692
15.0769
15.3846
15.6923
16
14.6154
14.9231
15.2308
15.5385
15.8462
14.1538
14.4615
15.0769
15.3846
15.6923
16
14
14.3077
14.6154
15.2308
15.5385
15.8462
14.1538
14.4615
15.0769
15.3846
15.6923
16
14.3077
14.6154
14.9231
15.2308
15.5385
15.8462
54.5041
54.5039
54.5029
54.5012
54.644
54.6458
54.6468
54.647
54.6464
54.645
54.6429
54.7892
54.7898
54.7896
54.7887
54.7869
54.9298
54.9315
54.9327
54.9321
54.9307
54.9286
55.0714
55.0736
55.0749
55.0753
55.0744
55.0726
55.2155
55.2172
55.2184
55.2178
55.2164
55.2143
55.3593
55.3606
55.3612
55.361
55.3601
55.3583
0
0
0
0
0
0
0
0
0
0
0
0
0
0
0
0
0
0
0
0
0
0
0
0
0
0
0
0
0
0
0
0
0
0
0
1
0
0
0
0
