0
0
0
0
0
0
1
1
1
1
1
2
2
2
2
3
3
3
3
3
4
4
4
5
5
5
5
5
5
6
6
6
6
6
7
7
7
7
7
7
8
8
8
8
8
8
9
9
9
9
9
9
10
10
10
10
12
12
12
12
12
13
13
13
13
13
13
14
14
14
14
14
14
15
15
15
15
15
15
16
16
16
16
16
17
17
17
17
17
18
18
18
18
18
19
19
19
19
19
20
20
20
20
20
20
21
21
21
21
21
21
22
22
22
22
22
23
23
23
24
24
24
24
24
24
25
25
25
25
25
25
25
26
26
26
26
26
27
27
27
27
27
27
28
28
28
28
28
29
29
29
29
30
30
30
30
30
31
31
31
31
32
32
32
32
32
32
33
33
33
33
33
33
34
34
34
34
35
35
35
36
36
36
36
37
37
37
38
38
38
38
39
39
39
39
40
40
40
3
1
7
6
5
4
2
8
7
0
3
8
1
3
9
10
9
2
1
0
0
5
17
17
4
0
6
12
18
12
5
0
7
13
13
6
0
1
8
14
14
7
1
2
9
15
15
8
2
3
10
16
22
16
9
3
18
5
6
13
25
25
12
6
7
14
19
19
13
7
8
15
20
20
14
8
9
16
21
10
22
21
15
9
23
4
5
18
24
24
17
5
12
25
25
13
14
20
26
26
19
14
15
21
27
27
20
15
16
22
28
34
28
21
16
10
17
24
29
29
23
17
18
25
30
30
24
18
12
13
19
36
31
19
20
27
32
32
26
20
21
28
33
22
34
33
27
21
23
24
30
35
35
29
24
25
36
37
26
32
38
38
31
26
27
33
39
39
32
27
28
34
40
40
33
28
22
29
30
36
35
30
25
37
36
31
38
37
31
32
39
38
32
33
40
39
33
34
60
20
19
19
34
52
20
19
19
20
40
19
20
20
19
19
19
20
40
60
52
20
32
37
20
34
20
19
32
19
20
19
20
19
19
20
19
19
20
19
19
20
19
19
20
19
19
20
19
19
20
19
32
19
20
19
19
19
19
20
32
37
20
19
19
20
19
19
20
19
19
20
19
19
20
19
19
20
19
19
19
19
20
19
19
32
37
20
19
19
20
32
19
19
34
19
19
20
19
19
20
19
19
20
19
19
20
19
19
20
19
32
19
20
19
32
19
20
19
19
20
19
19
20
19
19
20
19
32
37
34
32
19
19
19
20
19
19
20
19
19
20
19
19
19
19
20
19
19
19
20
19
19
20
19
19
19
19
19
20
19
19
20
19
19
20
19
19
20
19
19
20
19
19
20
19
32
19
19
20
20
19
32
20
20
19
20
20
19
19
20
20
19
19
20
20
19
19
