0
0
0
0
0
0
1
1
1
1
1
2
2
2
2
3
3
3
3
3
4
4
4
4
5
5
5
5
5
5
6
6
6
6
6
7
7
7
7
7
7
8
8
8
8
8
8
9
9
9
9
9
9
10
10
10
10
11
11
11
12
12
12
12
12
13
13
13
13
13
13
14
14
14
14
14
14
15
15
15
15
15
15
16
16
16
16
16
17
17
17
17
17
17
18
18
18
18
18
19
19
19
19
19
20
20
20
20
20
20
21
21
21
21
21
21
22
22
22
22
22
23
23
23
23
24
24
24
24
24
24
25
25
25
25
25
25
25
26
26
26
26
26
27
27
27
27
27
27
28
28
28
28
28
29
29
29
29
30
30
30
30
30
31
31
31
31
32
32
32
32
32
32
33
33
33
33
33
33
34
34
34
34
35
35
35
36
36
36
36
37
37
37
38
38
38
38
39
39
39
39
40
40
40
41
41
41
41
41
41
42
42
42
42
42
43
43
43
43
44
44
44
44
44
45
45
45
45
46
46
46
46
46
46
47
47
47
47
47
48
48
48
48
48
48
49
49
49
49
49
49
50
50
50
50
50
50
51
51
51
51
52
52
52
53
53
53
53
53
54
54
54
54
54
54
55
55
55
55
55
55
56
56
56
56
56
56
57
57
57
57
57
58
58
58
58
58
58
59
59
59
59
59
60
60
60
60
60
61
61
61
61
61
61
62
62
62
62
62
62
63
63
63
63
63
64
64
64
64
65
65
65
65
65
65
66
66
66
66
66
66
66
67
67
67
67
67
68
68
68
68
68
68
69
69
69
69
69
70
70
70
70
71
71
71
71
71
72
72
72
72
73
73
73
73
73
73
74
74
74
74
74
74
75
75
75
75
76
76
76
77
77
77
77
78
78
78
79
79
79
79
80
80
80
80
81
81
81
3
1
7
6
5
4
2
8
7
0
3
8
1
3
9
10
9
2
1
0
0
5
17
11
17
4
0
6
12
18
12
5
0
7
13
13
6
0
1
8
14
14
7
1
2
9
15
15
8
2
3
10
16
22
16
9
3
4
17
23
18
5
6
13
25
25
12
6
7
14
19
19
13
7
8
15
20
20
14
8
9
16
21
10
22
21
15
9
23
11
4
5
18
24
24
17
5
12
25
25
13
14
20
26
26
19
14
15
21
27
27
20
15
16
22
28
34
28
21
16
10
11
17
24
29
29
23
17
18
25
30
30
24
18
12
13
19
36
31
19
20
27
32
32
26
20
21
28
33
22
34
33
27
21
23
24
30
35
35
29
24
25
36
37
26
32
38
38
31
26
27
33
39
39
32
27
28
34
40
40
33
28
22
29
30
36
35
30
25
37
36
31
38
37
31
32
39
38
32
33
40
39
33
34
44
42
48
47
46
45
43
49
48
41
44
49
42
44
50
51
50
43
42
41
41
46
58
52
58
45
41
47
53
59
53
46
41
48
54
54
47
41
42
49
55
55
48
42
43
50
56
56
49
43
44
51
57
63
57
50
44
45
58
64
59
46
47
54
66
66
53
47
48
55
60
60
54
48
49
56
61
61
55
49
50
57
62
51
63
62
56
50
64
52
45
46
59
65
65
58
46
53
66
66
54
55
61
67
67
60
55
56
62
68
68
61
56
57
63
69
75
69
62
57
51
52
58
65
70
70
64
58
59
66
71
71
65
59
53
54
60
77
72
60
61
68
73
73
67
61
62
69
74
63
75
74
68
62
64
65
71
76
76
70
65
66
77
78
67
73
79
79
72
67
68
74
80
80
73
68
69
75
81
81
74
69
63
70
71
77
76
71
66
78
77
72
79
78
72
73
80
79
73
74
81
80
74
75
60
20
19
19
34
52
20
19
19
20
40
19
20
20
19
19
19
20
40
60
52
20
32
19
37
20
34
20
19
32
19
20
19
20
19
19
20
19
19
20
19
19
20
19
19
20
19
19
20
19
19
20
19
32
19
20
19
19
19
32
19
19
19
20
32
37
20
19
19
20
19
19
20
19
19
20
19
19
20
19
19
20
19
19
19
19
20
19
19
19
32
37
20
19
19
20
32
19
19
34
19
19
20
19
19
20
19
19
20
19
19
20
19
19
20
19
32
19
20
19
32
32
19
20
19
19
20
19
19
20
19
19
20
19
32
37
34
32
19
19
19
20
19
19
20
19
19
20
19
19
19
19
20
19
19
19
20
19
19
20
19
19
19
19
19
20
19
19
20
19
19
20
19
19
20
19
19
20
19
19
20
19
32
19
19
20
20
19
32
20
20
19
20
20
19
19
20
20
19
19
20
20
19
19
60
20
19
19
34
52
20
19
19
20
40
19
20
20
19
19
19
20
40
60
52
20
32
19
37
20
34
20
19
32
19
20
19
20
19
19
20
19
19
20
19
19
20
19
19
20
19
19
20
19
19
20
19
32
19
20
19
19
19
32
19
19
19
20
32
37
20
19
19
20
19
19
20
19
19
20
19
19
20
19
19
20
19
19
19
19
20
19
19
19
32
37
20
19
19
20
32
19
19
34
19
19
20
19
19
20
19
19
20
19
19
20
19
19
20
19
32
19
20
19
32
32
19
20
19
19
20
19
19
20
19
19
20
19
32
37
34
32
19
19
19
20
19
19
20
19
19
20
19
19
19
19
20
19
19
19
20
19
19
20
19
19
19
19
19
20
19
19
20
19
19
20
19
19
20
19
19
20
19
19
20
19
32
19
19
20
20
19
32
20
20
19
20
20
19
19
20
20
19
19
20
20
19
19
